160
4 28 465 183 238 
4 369 240 411 103 
4 35 392 68 23 
4 196 416 109 104 
4 97 51 260 231 
4 423 202 337 421 
4 420 233 141 74 
4 93 475 265 319 
4 252 338 119 331 
4 441 499 453 466 
4 197 206 422 341 
4 190 330 374 143 
4 333 0 150 404 
4 286 101 390 121 
4 300 33 497 81 
4 482 326 377 152 
4 165 47 25 440 
4 12 1 59 490 
4 279 322 155 210 
4 306 315 164 162 
4 454 21 256 27 
4 14 7 299 60 
4 334 352 175 424 
4 17 86 262 124 
4 154 414 189 218 
4 358 212 487 375 
4 492 158 213 400 
4 410 64 120 11 
4 301 182 266 451 
4 484 73 495 156 
4 443 462 486 79 
4 72 170 113 264 
4 310 48 111 463 
4 329 234 166 38 
4 261 371 376 52 
4 221 448 320 452 
4 298 434 439 350 
4 108 20 15 360 
4 208 292 181 473 
4 236 367 409 19 
4 433 249 193 5 
4 324 396 455 405 
4 187 273 147 356 
4 445 385 311 419 
4 219 199 277 498 
4 430 61 387 442 
4 271 348 444 394 
4 288 34 276 149 
4 258 91 302 472 
4 351 397 6 438 
4 90 105 459 437 
4 123 328 278 214 
4 294 431 235 71 
4 399 201 242 8 
4 24 139 10 447 
4 412 65 55 407 
4 192 362 117 163 
4 388 180 391 18 
4 467 31 336 429 
4 474 230 403 225 
3 283 159 364 
3 177 99 427 
3 89 449 13 
3 3 203 115 
3 263 384 353 
3 345 268 425 
3 188 114 247 
3 78 468 494 
3 280 132 69 
3 172 359 46 
3 66 174 136 
3 56 76 138 
3 129 274 395 
3 226 365 204 
3 339 379 347 
3 244 284 50 
3 200 304 36 
3 361 269 254 
3 100 148 144 
3 461 401 54 
3 151 80 107 
3 29 432 45 
3 44 450 160 
3 153 70 128 
3 198 40 372 
3 363 267 325 
3 95 295 282 
3 251 237 373 
3 32 26 116 
3 186 207 354 
3 460 259 22 
3 41 245 446 
3 185 112 77 
3 285 289 340 
3 217 378 145 
3 92 16 307 
3 332 398 224 
3 195 243 82 
3 106 321 167 
3 205 496 140 
3 287 413 343 
3 488 464 9 
3 406 402 393 
3 227 485 308 
3 270 456 168 
3 382 290 246 
3 435 62 318 
3 316 415 179 
3 228 133 368 
3 241 257 161 
3 173 176 239 
3 366 184 428 
3 37 42 83 
3 215 436 305 
3 417 389 30 
3 63 312 229 
3 171 58 250 
3 357 381 94 
3 43 458 220 
3 297 49 110 
2 194 481 
2 2 349 
2 272 426 
2 122 480 
2 477 146 
2 327 134 
2 309 53 
2 248 142 
2 408 483 
2 96 222 
2 457 255 
2 216 370 
2 479 127 
2 489 157 
2 84 102 
2 342 191 
2 493 380 
2 223 476 
2 281 317 
2 355 87 
2 275 303 
2 253 131 
2 293 130 
2 57 469 
2 418 344 
2 118 471 
2 135 75 
2 232 314 
2 85 383 
2 470 313 
2 169 291 
2 125 39 
2 491 335 
2 137 323 
2 126 178 
2 4 386 
2 296 346 
2 88 67 
2 211 478 
2 98 209 
