1628
2 5357 5121 
2 8148 6404 
2 421 2589 
2 5913 5583 
2 6255 9906 
2 8785 3629 
2 6584 7710 
2 1737 3987 
2 7529 5231 
2 2094 4386 
2 9487 5796 
2 6735 8197 
2 1756 8754 
2 2584 998 
2 2395 6655 
2 6312 2861 
2 59 7923 
2 7569 7704 
2 5515 9612 
2 6632 7444 
2 8873 7262 
2 8452 7796 
2 2489 5905 
2 398 8407 
2 1729 820 
2 6459 604 
2 9004 1248 
2 7549 7064 
2 4848 5886 
2 8603 8733 
2 8189 8437 
2 9529 9354 
2 6839 9213 
2 4449 1524 
2 4318 5744 
2 4574 9483 
2 4100 6823 
2 4233 3904 
2 3626 8479 
2 7108 5416 
2 9620 1287 
2 6476 2545 
2 9383 4004 
2 3697 1396 
2 9131 5427 
2 4041 2061 
2 973 370 
2 847 3015 
2 4644 2155 
2 9247 4863 
2 7792 6668 
2 3135 4631 
2 2222 1492 
2 9618 5363 
2 2752 7168 
2 2687 2843 
2 5570 44 
2 453 2117 
2 8284 7100 
2 1561 3505 
2 461 8775 
2 9765 4036 
2 1423 3295 
2 8287 2932 
2 6640 8004 
2 1385 8854 
2 3273 5616 
2 8591 3715 
2 2345 5918 
2 2096 6639 
2 9813 674 
2 3420 7936 
2 1556 5090 
2 666 2331 
2 2935 4695 
2 5251 2598 
2 6762 3825 
2 1677 9959 
2 1114 4147 
2 1081 6756 
2 5001 5592 
2 8689 8384 
2 8119 6196 
2 1388 7525 
2 9818 864 
2 5989 6613 
2 948 683 
2 4106 9888 
2 3942 5526 
2 8911 8320 
2 4473 5083 
2 9128 4194 
2 5211 3149 
2 8585 5052 
2 7369 2819 
2 7515 8777 
2 936 2459 
2 132 7819 
2 2968 4670 
2 2246 3484 
2 7577 962 
2 7863 8814 
2 8240 876 
2 7939 2723 
2 7368 8837 
2 752 9256 
2 8991 3457 
2 110 8392 
2 7290 7950 
2 7208 3176 
2 371 7101 
2 2728 2196 
2 684 8636 
2 2212 9267 
2 4808 8641 
2 281 5791 
2 63 2499 
2 6240 9614 
2 5602 2475 
2 3656 4090 
2 714 7259 
2 1101 9019 
2 2064 5651 
2 4916 9894 
2 3678 1013 
2 7834 839 
2 1491 3024 
2 7945 5048 
2 2548 3765 
2 6170 7198 
2 4405 4961 
2 1004 1071 
2 1115 5945 
2 9965 7937 
2 4685 2124 
2 3302 1233 
2 4579 3795 
2 3272 8152 
2 9986 5042 
2 3647 7104 
2 384 9295 
2 6677 2141 
2 2070 2008 
2 7927 1734 
2 7135 5101 
2 4702 6782 
2 6495 5773 
2 854 4430 
2 1707 2115 
2 8058 1164 
2 336 1214 
2 7201 5046 
2 4957 2080 
2 7540 7409 
2 8639 443 
2 2558 2922 
2 5214 4917 
2 4788 8063 
2 7896 7825 
2 1341 3499 
2 5653 976 
2 7961 7202 
2 6702 49 
2 4886 6381 
2 4964 1830 
2 1146 9307 
2 7313 3463 
2 4509 6176 
2 9568 818 
2 82 4983 
2 8612 5295 
2 3792 6107 
2 5772 3047 
2 7757 7595 
2 4874 5982 
2 4135 3940 
2 3607 3096 
2 2727 5713 
2 2274 2228 
2 9305 8338 
2 6252 3896 
2 2964 3228 
2 636 1353 
2 3566 7136 
2 3309 1210 
2 8608 8485 
2 4322 887 
2 5310 7305 
2 6168 7543 
2 1851 3293 
2 4240 8322 
2 4406 9433 
2 71 6550 
2 7516 4925 
2 1988 1203 
2 8745 6935 
2 9129 9866 
2 7551 1671 
2 4940 1955 
2 5625 9795 
2 7145 7 
2 1812 9527 
2 4185 8116 
2 4141 5383 
2 3437 5219 
2 7579 47 
2 4131 594 
2 2456 1322 
2 7326 8465 
2 1450 3114 
2 8851 9552 
2 4167 2259 
2 4637 7359 
2 4235 3042 
2 9 3142 
2 766 1094 
2 7231 1713 
2 1742 4655 
2 5006 5652 
2 1934 9539 
2 7583 3686 
2 9690 532 
2 2686 5873 
2 5494 9525 
2 2962 4074 
2 4561 7715 
2 3844 4657 
2 8803 9263 
2 2481 727 
2 3072 8553 
2 1050 1895 
2 723 7083 
2 4847 6129 
2 4112 6957 
2 4475 8250 
2 9235 9917 
2 3357 7447 
2 8387 4102 
2 2759 9532 
2 2982 62 
2 4374 7088 
2 2293 2736 
2 7196 8736 
2 1946 8332 
2 3519 954 
2 3196 7648 
2 7032 213 
2 8375 7308 
2 859 9946 
2 4320 8010 
2 9196 9063 
2 1591 6547 
2 5163 2045 
2 1724 1418 
2 4076 5777 
2 2726 6882 
2 8767 8193 
2 6611 2060 
2 3337 2342 
2 7725 5904 
2 4619 2652 
2 3689 6178 
2 850 1568 
2 9106 992 
2 4402 2340 
2 5172 9119 
2 2544 8644 
2 3155 4638 
2 1433 4995 
2 4912 9966 
2 4490 3672 
2 9747 3170 
2 2642 1621 
2 6558 2749 
2 2085 586 
2 3648 3775 
2 120 201 
2 9576 3757 
2 8626 9344 
2 5729 6038 
2 7851 6534 
2 3542 5686 
2 3781 6913 
2 7494 8601 
2 7451 2828 
2 4139 3257 
2 7643 8478 
2 6571 774 
2 5931 8397 
2 8138 6567 
2 4550 7148 
2 7464 7814 
2 2628 3889 
2 5156 7545 
2 3593 1763 
2 2323 403 
2 9542 8186 
2 2870 4150 
2 328 6134 
2 2862 4244 
2 9302 676 
2 3112 4058 
2 7862 3376 
2 2795 3475 
2 6537 8997 
2 2300 9151 
2 18 9713 
2 9275 2308 
2 7079 9559 
2 8865 6927 
2 58 8187 
2 4959 6467 
2 4390 2814 
2 1383 5081 
2 2036 2213 
2 8233 8267 
2 8242 4044 
2 5366 9900 
2 7316 8115 
2 3869 3708 
2 3840 3451 
2 4480 8259 
2 9528 6171 
2 7445 8506 
2 1711 7166 
2 5609 6147 
2 7703 7673 
2 8849 446 
2 2123 5845 
2 778 8616 
2 3842 2305 
2 1160 9873 
2 8079 9320 
2 9243 1049 
2 1839 2160 
2 11 1936 
2 2267 3583 
2 8094 5540 
2 3526 5096 
2 2243 4837 
2 2313 245 
2 8101 8430 
2 3126 654 
2 1136 9605 
2 6050 1552 
2 8167 6359 
2 333 6123 
2 2023 7267 
2 9514 3913 
2 1509 5359 
2 7944 4284 
2 2985 3950 
2 5324 5136 
2 9921 8509 
2 7726 9374 
2 7953 2944 
2 8036 8286 
2 7385 5854 
2 687 4551 
2 2282 373 
2 6777 2920 
2 7008 6300 
2 4902 6580 
2 4498 7522 
2 2535 706 
2 3106 3745 
2 1767 6842 
2 5209 9784 
2 8367 1845 
2 7466 9289 
2 3899 3618 
2 6481 1231 
2 3632 2817 
2 3253 65 
2 9340 1427 
2 2674 7922 
2 2203 8348 
2 5665 9856 
2 6060 7026 
2 6989 9283 
2 177 9722 
2 6985 4690 
2 8701 2718 
2 5600 463 
2 9732 9942 
2 7700 2994 
2 8026 5622 
2 7756 3002 
2 593 8563 
2 7920 4151 
2 1359 4965 
2 3083 8346 
2 9111 5919 
2 6638 6582 
2 2941 1096 
2 780 7050 
2 8721 9691 
2 2572 1996 
2 8047 4516 
2 8697 9649 
2 3229 1357 
2 8834 7212 
2 1817 6313 
2 6329 8253 
2 9252 2619 
2 745 9778 
2 1085 2364 
2 1372 522 
2 4951 4137 
2 3485 1336 
2 9366 7209 
2 2571 5962 
2 103 9443 
2 9779 2009 
2 6363 717 
2 6316 4582 
2 3356 8839 
2 2802 251 
2 4352 2112 
2 1861 8477 
2 565 709 
2 4351 6602 
2 9751 6477 
2 67 3368 
2 6426 2647 
2 2351 5891 
2 8811 5909 
2 9365 9123 
2 2905 6994 
2 9154 3443 
2 8199 7119 
2 257 5793 
2 645 3089 
2 1340 4259 
2 7629 6 
2 9124 8614 
2 5492 8751 
2 7981 7671 
2 171 1976 
2 214 7330 
2 2536 2095 
2 3379 6415 
2 332 9325 
2 1787 1510 
2 9585 4884 
2 1202 2162 
2 7489 4134 
2 7911 3496 
2 4477 9629 
2 9546 1344 
2 1701 9806 
2 4357 4293 
2 8947 60 
2 3308 5239 
2 5593 3214 
2 3062 9968 
2 8163 5544 
2 8200 6666 
2 188 2957 
2 1001 9363 
2 8501 4867 
2 4557 9974 
2 8923 1820 
2 5330 8529 
2 9930 877 
2 750 6914 
2 5149 1717 
2 8835 8779 
2 9511 4222 
2 1975 5244 
2 1740 5518 
2 8003 6956 
2 7934 5733 
2 5236 7391 
2 7057 6297 
2 5332 1505 
2 6342 5991 
2 4711 7613 
2 9545 8658 
2 8651 1800 
2 4977 321 
2 4727 1564 
2 1351 2776 
2 296 9166 
2 2575 1364 
2 1883 7677 
2 924 3730 
2 3750 7439 
2 4696 6188 
2 8040 8431 
2 7415 9962 
2 4331 1965 
2 7344 4572 
2 2245 5529 
2 5758 7153 
2 3120 1249 
2 5970 8990 
2 1747 1522 
2 7210 9419 
2 9426 8915 
2 7647 791 
2 5131 8168 
2 8449 5028 
2 4415 3579 
3 9550 4717 4161 
3 5808 7699 2509 
3 3473 1743 6738 
3 8056 7972 8579 
3 5835 5683 5488 
3 6616 2265 7824 
3 9341 5074 8418 
3 2043 9271 1714 
3 5728 1061 6042 
3 3655 767 96 
3 2573 902 9397 
3 7250 6419 55 
3 3087 6627 6273 
3 9569 1673 8866 
3 301 5720 8607 
3 1200 2952 3830 
3 8548 8470 631 
3 1523 3845 6144 
3 264 9626 3223 
3 9853 773 6742 
3 9566 7524 197 
3 1636 8625 1889 
3 4870 385 797 
3 1178 3834 3306 
3 9797 3167 6410 
3 2809 2089 8702 
3 1508 6226 9572 
3 5155 8487 5553 
3 6309 6336 9048 
3 3137 8659 6377 
3 8132 2055 407 
3 4960 3978 3905 
3 4367 9250 7155 
3 5864 8183 1476 
3 1810 7567 7748 
3 6192 7436 5375 
3 4600 1948 3673 
3 4649 730 2612 
3 5610 3557 4079 
3 9718 4524 3271 
3 8671 3791 2486 
3 3870 278 6384 
3 1228 1998 4043 
3 875 6769 9952 
3 6058 4200 9689 
3 4861 2353 9843 
3 8940 8707 9265 
3 5308 3001 6747 
3 9746 6028 283 
3 6198 5476 1912 
3 1429 3857 3944 
3 7253 3 9871 
3 7302 2912 8172 
3 5170 1483 9078 
3 6010 6662 85 
3 3997 3367 8204 
3 7412 9507 432 
3 1140 2000 8677 
3 7443 8297 9755 
3 7118 836 3278 
3 8453 1853 4532 
3 915 263 1040 
3 7880 4179 4527 
3 6578 884 1587 
3 4706 7095 5203 
3 8683 6146 4607 
3 8442 6981 7103 
3 2927 3028 6012 
3 1720 5207 4469 
3 6483 8670 9695 
3 5849 3728 7696 
3 995 5803 3022 
3 6110 7978 1378 
3 513 3885 6320 
3 1821 7617 464 
3 3508 7618 7319 
3 6757 8964 2585 
3 1224 634 4565 
3 4617 1253 3518 
3 4883 1037 4474 
3 7296 8929 8722 
3 6370 2877 7603 
3 3877 9908 7861 
3 4307 1708 5197 
3 3561 5174 1073 
3 6498 3736 1681 
3 8932 8750 3037 
3 6444 9359 4871 
3 1923 3375 3248 
3 1542 1684 1526 
3 7759 5785 2939 
3 8692 1117 3362 
3 4786 9464 1152 
3 8895 4038 2627 
3 137 1116 5902 
3 7536 9599 2937 
3 559 1154 8524 
3 1484 4439 1571 
3 8328 520 3892 
3 4361 7870 2488 
3 5462 8874 6296 
3 6367 9880 3511 
3 5278 4521 4292 
3 8956 4975 2798 
3 8637 7678 9197 
3 7823 8466 3853 
3 5823 2592 916 
3 3055 7178 3107 
3 9769 5547 7041 
3 1261 3544 6231 
3 9849 6656 5341 
3 5839 1833 1361 
3 4668 6605 9907 
3 4946 17 9961 
3 6577 5705 174 
3 970 172 9425 
3 1712 2600 2566 
3 7463 5941 8527 
3 6965 56 2185 
3 6220 5441 7255 
3 5998 6938 1726 
3 5378 9984 5548 
3 760 7130 846 
3 7215 6389 2368 
3 7238 529 5503 
3 145 3769 5250 
3 7363 8516 9350 
3 3050 9014 6715 
3 10 4604 6856 
3 688 1430 4663 
3 1234 5446 1570 
3 844 3746 5151 
3 8931 738 4731 
3 3516 297 3969 
3 451 5563 1765 
3 8363 9092 7740 
3 2106 8714 9168 
3 5271 525 6752 
3 6583 3134 2716 
3 923 208 1601 
3 5649 1197 1122 
3 5325 7778 2165 
3 5118 6526 9895 
3 6540 6364 7218 
3 1487 9741 912 
3 556 9597 6266 
3 5579 7624 139 
3 1827 6205 3540 
3 2766 9161 4093 
3 3104 926 164 
3 7149 8239 6133 
3 9121 2407 1963 
3 2221 2295 6396 
3 9182 8081 9450 
3 4990 7518 7558 
3 8833 3258 117 
3 4491 8673 9214 
3 2007 2649 5013 
3 4230 5017 8161 
3 2484 1589 5007 
3 1648 8059 5948 
3 3674 8824 5899 
3 9246 8044 6451 
3 7839 5627 9594 
3 211 7499 4627 
3 6052 8650 5574 
3 2804 9390 2309 
3 5056 7152 8198 
3 3691 8293 628 
3 6149 5875 7346 
3 7692 480 4126 
3 2879 2848 8617 
3 7204 642 2555 
3 7983 87 9135 
3 6680 1010 2127 
3 2590 2836 3276 
3 6623 1015 8247 
3 3932 6102 3029 
3 6721 9490 9719 
3 7318 8305 1825 
3 7151 2811 656 
3 7752 8609 5879 
3 3828 7278 8653 
3 2125 6157 6215 
3 6645 9588 2872 
3 3608 1847 178 
3 9471 9776 9580 
3 3973 6036 6731 
3 7954 4555 1866 
3 900 1735 8606 
3 289 597 9414 
3 1876 3239 4650 
3 3692 6256 1620 
3 3677 3480 4859 
3 206 6193 1943 
3 9286 5487 2516 
3 5513 8652 931 
3 28 7375 9852 
3 1464 2538 4671 
3 5824 1856 9382 
3 1159 1393 9499 
3 8578 6350 2226 
3 4170 1056 590 
3 1311 8134 6703 
3 5815 9276 6685 
3 2697 3891 1632 
3 1819 6531 3808 
3 3527 4573 4522 
3 3092 6111 8434 
3 3132 2999 5061 
3 8258 7764 1205 
3 7888 5559 834 
3 1129 6152 5058 
3 5981 4496 4792 
3 1877 4054 1260 
3 6206 8537 151 
3 6443 2732 8468 
3 6741 1994 6984 
3 307 124 53 
3 9407 1874 4933 
3 9238 9637 8342 
3 1718 3895 7475 
3 5094 7875 6053 
3 8684 7105 4725 
3 1642 3573 142 
3 1888 2190 2705 
3 8967 589 290 
3 7734 9799 9241 
3 1562 7542 4997 
3 236 4857 6228 
3 4055 7413 2428 
3 7777 4611 9165 
3 3980 6306 7512 
3 4814 2091 9748 
3 9675 9714 7610 
3 4865 9730 4661 
3 5371 1704 9326 
3 7884 5418 1884 
3 4442 253 6628 
3 6932 9602 4692 
3 7361 4774 8907 
3 7993 9530 3297 
3 8032 6651 7219 
3 8035 6676 2490 
3 9864 4091 4636 
3 9761 4592 4703 
3 5710 9376 4875 
3 4989 6155 2241 
3 5644 7286 6849 
3 540 7659 1445 
3 2765 3558 7406 
3 2020 1282 1837 
3 4066 2854 4363 
3 4716 3924 5794 
3 362 6557 3912 
3 735 4381 5517 
3 5044 648 7090 
3 5235 9976 9896 
3 4926 7841 7526 
3 6827 9523 1440 
3 4506 8176 3945 
3 3839 3802 2254 
3 6326 8123 2887 
3 2565 4187 3654 
3 7662 898 5035 
3 2400 9016 6733 
3 4904 7594 1595 
3 1023 6365 4656 
3 3553 2461 3531 
3 5020 7074 8423 
3 5671 7003 4771 
3 4089 9650 8241 
3 6794 6976 4064 
3 5916 6380 4410 
3 1598 6366 534 
3 3498 9922 2806 
3 7733 3567 2457 
3 7382 6289 1467 
3 5474 5389 8333 
3 4773 358 5530 
3 1339 1406 6673 
3 2006 7037 2081 
3 4559 7374 7683 
3 3422 9453 5205 
3 9368 2320 1723 
3 7432 9220 6436 
3 4412 1533 7356 
3 5355 8597 1471 
3 1332 9456 2783 
3 6076 210 7914 
3 4879 9988 5898 
3 5336 6800 3906 
3 8861 3760 147 
3 404 6988 8432 
3 9848 960 2375 
3 2907 1422 8019 
3 489 33 1584 
3 622 6361 4495 
3 6857 9468 689 
3 5489 4375 9879 
3 146 4720 3718 
3 909 5178 6490 
3 6514 6778 8715 
3 8938 5457 8376 
3 8889 7821 3323 
3 4478 1609 4639 
3 4766 7943 2389 
3 7785 7419 4011 
3 9043 5551 5633 
3 3704 7818 5086 
3 3145 2381 7426 
3 8153 7534 2462 
3 8648 6528 8043 
3 7768 3582 9726 
3 7249 9561 8894 
3 8150 9684 7230 
3 2874 5869 9192 
3 5856 6784 3244 
3 7310 7530 1021 
3 4452 737 9361 
3 3617 8898 2401 
3 2398 8845 9703 
3 8823 9072 396 
3 1529 3882 2260 
3 6016 3595 7592 
3 7175 3914 3983 
3 6340 8954 4057 
3 3299 9631 2129 
3 4026 5776 5901 
3 8299 3559 6585 
3 1930 3153 5467 
3 4953 6870 7917 
3 150 1922 6208 
3 1512 3352 7990 
3 5920 3966 635 
3 5085 9971 9143 
3 6202 5380 8425 
3 5461 5255 835 
3 9222 9122 8679 
3 1952 8325 198 
3 3371 7013 39 
3 5865 6466 3749 
3 7116 5832 8746 
3 3985 1090 7454 
3 4202 5522 6834 
3 2191 8712 9429 
3 4467 7770 4823 
3 4907 1886 3188 
3 512 9667 947 
3 804 32 7596 
3 6649 9549 7966 
3 3075 5724 7956 
3 5556 359 9802 
3 7010 8682 8238 
3 9221 5531 7480 
3 9062 3339 2134 
3 4124 1822 9606 
3 9734 1507 7689 
3 5615 9183 3136 
3 711 9091 4704 
3 6724 3129 3564 
3 9828 678 45 
3 3428 5896 7221 
3 4887 2924 2277 
3 3011 6184 4016 
3 1761 6421 7220 
3 6700 3811 4640 
3 8519 7809 9868 
3 5908 149 6873 
3 1347 2148 170 
3 6574 1100 6243 
3 7186 4208 2343 
3 8276 2167 7876 
3 2707 9173 300 
3 1256 6705 8196 
3 3322 5756 7970 
3 7731 3641 3991 
3 6160 2024 4465 
3 6446 8632 5566 
3 5047 849 1382 
3 8263 4514 9096 
3 5451 6811 5584 
3 6264 7964 0 
3 313 3694 6203 
3 2198 6637 5164 
3 3020 471 3121 
3 9573 2467 611 
3 8264 8562 2278 
3 3724 6248 5939 
3 9459 5954 8517 
3 4708 6681 7984 
3 9978 8908 8027 
3 5166 4949 4335 
3 2495 6553 1908 
3 6903 9752 5277 
3 2672 1047 8752 
3 6659 7424 9299 
3 9891 7975 9996 
3 6596 6522 6015 
3 1174 2983 1157 
3 5657 1044 1199 
3 7386 4659 6942 
3 6726 8133 9987 
3 9583 2875 2367 
3 3818 9210 5040 
3 8801 5947 4215 
3 7425 4992 6648 
3 1181 5240 9328 
3 5860 1569 9068 
3 1179 3681 4340 
3 8711 9633 1593 
3 2337 4511 7727 
3 9038 5721 3127 
3 5362 5449 433 
3 6112 1106 3412 
3 1411 708 3203 
3 7384 6017 3226 
3 541 6022 9836 
3 7521 5836 2062 
3 8143 3517 8222 
3 4790 5763 562 
3 5173 7509 2506 
3 6719 1668 514 
3 9721 8210 7500 
3 1840 3894 6478 
3 4286 5536 4419 
3 2702 3031 1381 
3 8160 825 5813 
3 6246 3563 4456 
3 1616 5157 8696 
3 8202 8413 6351 
3 4206 2296 4052 
3 8828 8864 5496 
3 8863 355 9486 
3 8667 2025 204 
3 2601 6713 7555 
3 5730 6492 608 
3 889 968 8810 
3 1400 7877 8336 
3 4359 3105 4958 
3 8139 465 2120 
3 1751 1768 5198 
3 8977 2954 2329 
3 4742 6275 6280 
3 8006 4092 5872 
3 8031 70 3330 
3 8876 9920 3596 
3 7751 2437 2159 
3 1535 4188 9935 
3 6051 1409 6864 
3 9995 1012 6960 
3 4943 2033 4801 
3 3809 9198 2578 
3 7633 8919 4228 
3 919 5368 1321 
3 234 9418 955 
3 3004 1843 240 
3 9269 3972 530 
3 6263 3657 4858 
3 3235 8215 456 
3 3926 131 7614 
3 5606 8089 6576 
3 2746 3311 9716 
3 8454 5751 7397 
3 7924 4000 9519 
3 9600 431 5082 
3 9187 9768 7729 
3 430 1062 9028 
3 1640 270 4046 
3 2193 5208 8137 
3 2661 9699 2762 
3 6698 97 500 
3 9201 9332 6097 
3 7995 9767 6008 
3 2786 1750 2949 
3 6964 620 978 
3 1939 3939 6003 
3 372 2604 1330 
3 9446 3956 5986 
3 9584 2977 9431 
3 8447 8401 4534 
3 7170 9538 1259 
3 1744 9656 4796 
3 6890 6761 6161 
3 5191 2072 673 
3 4301 7663 1036 
3 136 439 1980 
3 2632 9086 3590 
3 4221 6835 7457 
3 2514 7407 885 
3 7991 5482 2772 
3 1475 8180 4942 
3 6565 9398 8822 
3 1796 1519 3212 
3 5245 2713 6844 
3 6824 2694 4798 
3 9944 2102 8383 
3 3370 3280 2074 
3 956 4104 8326 
3 2595 1318 6352 
3 6137 1961 8435 
3 24 8568 183 
3 9413 2399 6450 
3 1649 7895 8252 
3 1694 3793 7800 
3 6197 6887 86 
3 9855 37 5666 
3 4635 5752 1279 
3 9075 6121 3344 
3 3060 8859 7881 
3 4238 4502 4387 
3 9083 5732 7674 
3 8037 4777 6463 
3 2207 6809 6302 
3 5994 2953 3822 
3 2881 7554 2891 
3 1546 2297 7471 
3 9036 1983 4839 
3 457 7586 7461 
3 4783 4595 9009 
3 6972 1538 7320 
3 7362 4358 8900 
3 6963 6959 8314 
3 8815 756 7812 
3 487 3364 5168 
3 7724 7357 3543 
3 602 1755 5897 
3 458 7410 4399 
3 4400 4596 4248 
3 8930 6915 9035 
3 8353 9094 2149 
3 2903 8766 7387 
3 2608 4116 2144 
3 3951 2210 3052 
3 9137 9047 8093 
3 7094 5024 6311 
3 335 6471 4434 
3 7206 3141 1536 
3 2596 392 9578 
4 9564 6353 3347 9215 
4 2741 6332 3021 221 
4 3875 4339 2785 2028 
4 8486 6506 1371 4504 
4 801 9838 2956 9114 
4 462 3651 2610 4069 
4 5066 1688 2892 7889 
4 7078 7850 6818 9659 
4 6127 3789 2859 6448 
4 1161 1678 4994 5628 
4 40 2837 3887 7602 
4 6925 4877 4736 6175 
4 5233 6232 725 9709 
4 8663 4982 6148 168 
4 802 2412 9820 1453 
4 2059 2469 5181 31 
4 8438 7959 8028 9993 
4 6229 842 1009 7859 
4 840 4291 7557 1426 
4 7632 4097 5125 8543 
4 9651 739 2307 9394 
4 5106 502 4688 6328 
4 7694 2685 2683 639 
4 8737 1778 6944 615 
4 8022 4549 6725 9595 
4 2101 2169 402 152 
4 7960 3841 3318 9540 
4 8426 3012 9678 4488 
4 511 393 5128 6699 
4 9015 644 5817 325 
4 1959 1220 343 8576 
4 78 5959 4689 5631 
4 9223 4567 4787 7395 
4 9489 2950 8804 5719 
4 1869 5558 6473 229 
4 1043 613 7742 8643 
4 7423 2388 68 848 
4 5190 7803 4099 8950 
4 7971 9227 5882 34 
4 6034 793 5676 5422 
4 4031 9957 8256 1080 
4 3123 8097 1979 1165 
4 1377 2472 1807 7994 
4 4855 953 6952 726 
4 6746 7314 4826 6315 
4 7532 3679 7697 4880 
4 3903 7631 3555 8903 
4 3743 1892 2242 640 
4 7132 6005 13 7581 
4 252 4723 413 7430 
4 4969 9887 5850 6225 
4 6452 3698 5881 467 
4 9892 5443 3515 305 
4 1167 20 5731 1270 
4 579 8571 7176 5212 
4 8629 76 4047 2304 
4 477 8398 2002 3509 
4 4811 2137 6922 9274 
4 5951 2215 4298 2669 
4 860 2164 1590 6357 
4 7666 1502 9475 3396 
4 153 5863 4173 6479 
4 7826 4451 6095 9280 
4 4078 57 3665 6291 
4 4750 6674 5950 3621 
4 2929 6046 740 6563 
4 346 6189 7713 7496 
4 4267 293 1369 3246 
4 649 4155 5829 1549 
4 5161 2629 7951 1953 
4 2432 193 7036 414 
4 2019 5146 4246 2527 
4 8212 395 2232 3233 
4 4922 4279 4554 9524 
4 3581 7906 2898 1586 
4 9337 2358 4679 3449 
4 4245 6210 8986 5346 
4 6740 3146 1416 9065 
4 8821 7565 8456 2799 
4 1276 937 83 8206 
4 9830 5026 949 3761 
4 3902 7804 7024 7252 
4 4662 6104 9526 6544 
4 4249 554 3261 1504 
4 868 3161 1194 1084 
4 1650 6244 5895 2533 
4 9234 2531 4030 3838 
4 4311 2824 2751 3504 
4 1286 2634 568 7194 
4 9157 9313 4747 5200 
4 3482 4314 2668 7197 
4 8675 9543 3263 3773 
4 5714 2529 6270 3431 
4 7813 9105 8229 3748 
4 444 23 9294 7743 
4 16 7653 1793 5387 
4 3806 1516 4537 4653 
4 4856 8498 7236 6630 
4 9635 9458 6664 4767 
4 3174 1250 5672 1527 
4 7963 8440 7018 2047 
4 9496 2303 9333 9488 
4 4501 8277 7490 4176 
4 1118 3930 1031 6294 
4 9692 6258 3332 5401 
4 9810 4398 1532 982 
4 8965 4328 3911 1032 
4 1514 1452 4623 9551 
4 8642 4578 7559 1296 
4 3316 4841 8201 5237 
4 2442 9680 675 7150 
4 1201 1891 6828 6245 
4 8952 1986 4001 8355 
4 9958 4914 6612 6693 
4 4892 6920 8727 6494 
4 2671 6744 6822 3125 
4 6569 9251 1606 8179 
4 5373 3513 8654 2143 
4 8729 5980 9085 2264 
4 6852 5834 3880 6430 
4 499 1027 5175 2422 
4 9260 4935 9711 5199 
4 6962 5059 4713 8289 
4 2712 6510 3824 1618 
4 3099 6093 8918 9022 
4 3407 4605 9002 8067 
4 7622 225 4447 4898 
4 459 365 4164 8177 
4 4144 4775 5641 5769 
4 9858 9149 3747 7761 
4 858 8981 5043 7957 
4 4407 115 8808 8235 
4 7828 8897 7237 7418 
4 4095 2328 5400 3570 
4 9655 3147 6604 8593 
4 30 9272 5097 8382 
4 1898 9985 1058 7849 
4 2402 9611 9181 4562 
4 9624 123 1951 3547 
4 185 7600 1806 3274 
4 6600 6846 6130 2335 
4 6118 8567 3355 6323 
4 4482 6727 7190 2570 
4 1669 8472 2946 6590 
4 5471 7721 6851 9073 
4 7048 1865 6002 5098 
4 1110 6766 8756 6126 
4 94 1978 576 5831 
4 2235 4156 8108 1132 
4 6398 8978 2220 2205 
4 4558 6899 5442 5077 
4 8806 7085 7616 4325 
4 4197 7247 1639 7899 
4 4546 6993 2046 6669 
4 9927 2466 9771 7273 
4 8340 2240 7127 8388 
4 7665 6472 6078 8753 
4 6090 4840 7868 7315 
4 8393 4694 5944 473 
4 896 7693 1754 3587 
4 8129 8734 3883 3615 
4 8372 6524 5505 7329 
4 6304 6711 5041 8572 
4 1835 2582 5019 9613 
4 9338 9859 1288 3078 
4 6223 5812 7805 7634 
4 2333 2591 4804 160 
4 4489 9745 6774 2216 
4 1266 5323 3506 1848 
4 516 1271 7460 2911 
4 8640 2105 2294 899 
4 4564 1774 22 5460 
4 1849 6560 7815 9013 
4 3324 6739 2730 1313 
4 5613 1192 1137 2234 
4 3884 6671 6356 5189 
4 6990 101 9877 9603 
4 6697 9003 8573 9948 
4 5621 5140 3664 5800 
4 1212 3265 143 3878 
4 7275 5702 419 8996 
4 2549 4172 1653 2136 
4 9134 2754 5276 4308 
4 8021 4312 3281 6803 
4 7121 3439 2199 3933 
4 7491 2237 3038 1086 
4 4746 7123 3849 8994 
4 9744 5268 3402 558 
4 6063 9679 7686 417 
4 2793 5397 906 5134 
4 2390 8773 5171 6064 
4 3578 2453 753 2781 
4 7931 4217 9029 3097 
4 1699 9261 9194 4196 
4 4255 6581 6414 1488 
4 1127 381 2417 9844 
4 5903 4136 8716 8411 
4 1461 1170 796 4599 
4 4818 2852 2016 6595 
4 8084 4918 6023 550 
4 5598 2289 3782 1656 
4 3873 9230 4394 5523 
4 5426 6035 5234 7510 
4 6831 6636 9008 159 
4 2268 2775 9759 3817 
4 1480 2621 1093 9901 
4 6520 8789 5253 6261 
4 5246 6096 7233 4613 
4 7786 7400 2444 7117 
4 1172 4678 3491 8759 
4 3381 2406 8316 8793 
4 8049 472 828 8166 
4 1783 3888 1624 6132 
4 4630 3131 219 4094 
4 8464 2334 2951 3334 
4 6529 133 893 2068 
4 8987 3262 2731 1814 
4 7684 7903 1627 6227 
4 3300 4910 6432 6373 
4 1985 1665 8618 8633 
4 3965 7788 8539 5736 
4 5770 279 3783 6953 
4 6517 7309 217 845 
4 1404 3442 1867 7925 
4 7969 3744 218 3401 
4 1781 5391 2554 4088 
4 5313 2987 4487 4479 
4 6180 5966 9535 4193 
4 9502 2750 7501 2065 
4 9575 610 3312 1208 
4 5577 5972 9534 2281 
4 4932 5917 1836 3721 
4 8165 2711 5586 5398 
4 3584 1221 6586 3539 
4 1801 3445 5064 8665 
4 5104 7980 6417 990 
4 669 1184 1646 5132 
4 7388 1904 7898 1899 
4 7675 7110 651 9660 
4 2722 4894 3927 5370 
4 6812 9200 7371 3862 
4 401 8694 2184 3411 
4 2376 9754 3076 545 
4 3216 9882 3085 1638 
4 4544 9770 2464 9846 
4 7289 4981 5481 3929 
4 3124 8638 7502 89 
4 2947 4529 1716 934 
4 7695 5594 2326 7065 
4 1292 3947 5345 4428 
4 4538 9941 163 3521 
4 7672 5599 8842 9356 
4 6259 292 3017 1130 
4 5511 8015 3807 9209 
4 2560 6770 2173 3424 
4 1928 4628 7664 8934 
4 771 1299 2087 4669 
4 827 7043 1935 6405 
4 249 9156 8268 144 
4 757 1683 8584 8525 
4 7902 7608 977 7907 
4 1138 3580 207 6409 
4 8732 7177 6973 2057 
4 3115 2835 4163 7744 
4 6958 1469 6307 894 
4 5122 1120 6497 9670 
4 9089 2567 4833 9140 
4 2050 304 2022 7096 
4 2480 6805 1870 2990 
4 930 6068 4842 8776 
4 2463 8709 4882 3610 
4 1209 8273 6331 316 
4 8853 691 3313 3941 
4 157 7274 5429 7962 
4 7223 5804 7134 618 
4 2011 7553 7014 288 
4 9860 241 199 1331 
4 4149 4646 9785 865 
4 4553 728 7642 8409 
4 4392 8298 643 3541 
4 7544 2564 8886 9491 
4 7640 6425 356 5192 
4 8502 4337 7163 9179 
4 9152 5514 3186 9225 
4 3353 6897 287 6301 
4 3893 6541 8068 7216 
4 2227 7878 4948 6513 
4 3178 5725 7795 1958 
4 2179 3753 5060 9647 
4 5718 1277 4789 3006 
4 819 1574 862 7298 
4 9406 9863 5182 2418 
4 5254 5663 5578 5329 
4 4355 5206 7019 1841 
4 1652 7546 4226 6904 
4 9367 9100 8534 4714 
4 1971 108 616 8870 
4 8645 5550 2805 4468 
4 1227 6213 1809 7229 
4 6387 9710 7948 9617 
4 2288 6087 4143 3425 
4 5658 5612 9885 5825 
4 2841 8740 8141 2563 
4 9553 186 3536 6796 
4 425 2239 7087 4508 
4 867 9870 5848 8310 
4 1495 2163 5534 9329 
4 6629 784 8941 5424 
4 9172 5952 4634 4598 
4 733 6814 3798 2577 
4 3438 2344 5741 9590 
4 9232 4791 5510 9158 
4 1563 6484 800 2435 
4 3209 2689 3712 9570 
4 4693 5611 8564 5958 
4 5573 1479 2318 1376 
4 1661 348 7349 3208 
4 9582 7556 7091 3812 
4 2201 1700 6620 5771 
4 769 9423 1615 4986 
4 347 378 9314 226 
4 4726 8103 2152 789 
4 7799 7441 9876 719 
4 383 1685 8771 189 
4 6253 4518 7365 7333 
4 8321 7434 1099 6125 
4 3917 8309 9862 4709 
4 9346 4290 6748 1235 
4 4906 3213 9555 128 
4 4403 1403 7580 8493 
4 6701 7459 2586 1131 
4 6917 5316 7946 1196 
4 7758 4939 9205 633 
4 5183 7835 1788 1494 
4 441 5409 8347 7140 
4 1949 349 8086 1909 
4 5294 7541 4211 9819 
4 2451 958 1679 9954 
4 6692 7060 415 2470 
4 8064 2012 1799 4996 
4 1188 3327 3784 8379 
4 203 1868 8960 1284 
4 8080 831 3859 9737 
4 8282 2356 291 6457 
4 3860 2550 8686 703 
4 3949 5148 863 9323 
4 1180 361 1119 6279 
4 5379 5343 1230 1993 
4 6456 2878 509 1732 
4 2382 405 7807 388 
4 7669 782 8726 2498 
4 2035 4 693 1323 
4 7965 5694 3821 8412 
4 6843 4621 7507 1818 
4 8406 5779 7479 2384 
4 9999 935 1335 5410 
4 280 3247 9372 8875 
4 1611 9663 2483 2789 
4 1105 1135 7251 4734 
4 8970 4664 8955 227 
4 7753 4633 5699 4632 
4 4344 1133 8985 6233 
4 4330 4675 5051 7307 
4 4254 268 3787 8784 
4 4950 8410 2579 258 
4 1111 2324 6407 3394 
4 6085 5833 200 318 
4 1046 922 9807 9102 
4 2378 9724 4461 1074 
4 2086 1987 7667 2373 
4 5356 2942 2311 2541 
4 9701 662 6635 9636 
4 8461 7791 5977 6500 
4 1029 811 8523 376 
4 2405 3639 4107 983 
4 3292 1553 3389 8791 
4 6983 3386 4979 9604 
4 2386 9742 173 5844 
4 3922 741 3385 491 
4 794 9644 3199 7322 
4 342 8491 9557 2508 
4 7399 9632 2030 4425 
4 3827 5327 8602 6434 
4 9162 8731 9186 6158 
4 7092 8164 9533 9148 
4 2715 2676 2410 6371 
4 5005 8374 4371 3819 
4 9717 7992 8872 5266 
4 5177 409 6420 6647 
4 2825 5413 7627 4810 
4 8136 872 3008 621 
4 4220 7706 4273 6242 
4 4369 5187 1534 3756 
4 5885 9773 2883 3866 
4 1918 1992 6254 7820 
4 7340 7832 5957 8725 
4 9342 917 1705 4435 
4 3794 1969 2747 1206 
4 3799 1329 1897 7069 
4 148 4978 821 5210 
4 5073 5643 9609 6678 
4 4651 5399 7636 8857 
4 9282 1045 7228 1554 
4 3225 9977 7712 195 
4 4323 1415 1439 3935 
4 984 1063 1610 652 
4 3267 69 5265 7276 
4 2934 6234 7033 1731 
4 3620 5979 8613 7393 
4 2803 3474 3144 508 
4 5883 2873 9963 5840 
4 8758 4214 901 7264 
4 2884 3227 7938 7736 
4 435 4237 6174 9327 
4 5045 2166 9362 4535 
4 2427 4260 8879 5853 
4 5361 6480 437 4103 
4 9159 2503 7093 4032 
4 5167 483 6499 3466 
4 4356 4807 7243 312 
4 605 8728 7408 5470 
4 7547 7165 3058 7793 
4 2172 987 1654 8507 
4 6077 2330 8770 4860 
4 8570 7172 2996 9070 
4 4372 179 9775 5340 
4 9011 2425 6901 6654 
4 9822 8535 8778 4758 
4 8142 7588 194 2500 
4 9787 5508 5745 6841 
4 4224 3636 8780 5350 
4 7416 8395 6675 4822 
4 1305 7097 6187 3530 
4 7915 184 7789 8877 
4 4890 9749 8144 596 
4 209 4732 192 111 
4 2170 8311 8786 9415 
4 7639 6853 3476 4577 
4 2769 3082 3879 8117 
4 2206 4972 3984 118 
4 7059 7427 2556 1142 
4 4891 9380 7942 6128 
4 303 4175 5279 7086 
4 6141 3189 8224 7561 
4 3044 3777 7578 8405 
4 9571 1831 7098 9264 
4 5107 9421 482 2520 
4 8361 4376 1614 7883 
4 5067 8417 4285 9218 
4 729 9931 7856 5557 
4 8975 8038 478 8135 
4 8961 1728 8114 7741 
4 2808 8244 6156 908 
4 7590 3727 9436 5747 
4 4724 5983 2812 8272 
4 4523 9556 3493 5906 
4 7075 2512 3717 121 
4 5993 8061 6902 2974 
4 2485 3716 1695 4952 
4 230 274 5696 1972 
4 6614 2771 6411 8075 
4 1485 1517 1350 7483 
4 6308 5483 4699 6177 
4 2039 6559 7045 7077 
4 7606 4470 1496 8009 
4 8530 4899 156 6720 
4 3685 8002 8462 2098 
4 6937 9793 7847 6682 
4 4232 9031 6833 5504 
4 781 7187 5304 5213 
4 1625 2110 507 256 
4 6607 1749 5533 1177 
4 4063 8110 1226 8011 
4 8698 8220 5870 61 
4 3635 9736 311 6545 
4 2272 5617 4845 6265 
4 8561 7864 8542 7730 
4 8797 1937 2532 2827 
4 4098 1283 7017 833 
4 424 4333 8880 2271 
4 8045 6429 8635 8500 
4 6428 9126 795 2602 
4 574 5727 9357 3108 
4 4913 428 1326 1006 
4 8556 3690 7550 6971 
4 7533 1804 3023 682 
4 4297 9686 9498 866 
4 5382 7337 5023 5938 
4 9301 2298 3053 1917 
4 4588 6026 81 7248 
4 8868 8159 8494 1171 
4 3059 5158 1753 4980 
4 5377 3307 4427 7404 
4 5783 4876 4440 5262 
4 5260 2231 1696 1501 
4 1513 9457 7068 1984 
4 2657 1634 4966 9296 
4 2447 7367 406 3993 
4 8473 4262 3268 9521 
4 7139 9007 8190 6293 
4 7030 3469 7292 1703 
4 538 2252 4305 5907 
4 9910 8924 7929 8850 
4 6551 1789 6539 6998 
4 7022 903 1622 5008 
4 5480 8441 7833 7830 
4 803 7682 1166 5754 
4 959 7138 7711 6098 
4 9932 6075 8555 6412 
4 182 1762 6237 2310 
4 1275 2673 2357 4591 
4 7453 9823 5472 8968 
4 5632 3205 5910 7514 
4 3534 6021 2900 5585 
4 3846 3361 2393 7584 
4 4770 1932 2583 6617 
4 7067 1307 8592 2645 
4 3266 6257 4923 7129 
4 6848 4793 3416 4019 
4 3854 3286 3963 4283 
4 5693 7523 6533 2138 
4 6393 6859 4830 668 
4 3705 7102 1824 4851 
4 4060 9698 5926 3154 
4 9044 9042 4048 4453 
4 603 5010 1191 9577 
4 7281 7688 4893 6519 
4 1149 658 4843 5900 
4 6799 9548 7658 2546 
4 5281 3994 9411 7985 
4 921 2026 4571 25 
4 4911 9297 8085 3810 
4 1612 2899 4236 1770 
4 275 452 3611 7071 
4 8541 341 2928 3382 
4 5100 7000 2385 9861 
4 8001 2961 5430 7574 
4 3591 6040 698 9189 
4 9311 6961 6454 3803 
4 2664 1190 6222 224 
4 6643 5640 3169 3454 
4 1878 582 5838 9914 
4 659 6290 27 9059 
4 238 5828 9101 746 
4 7890 8231 9270 8554 
4 9229 6923 9146 526 
4 7852 9554 5538 2709 
4 1302 319 7782 2656 
4 5809 6195 2153 3523 
4 6031 6334 6185 8334 
4 6592 1775 972 9204 
4 3619 3719 2280 2662 
4 6862 6509 3990 468 
4 8000 4009 3696 6516 
4 4691 54 9972 6119 
4 886 1873 4821 5635 
4 999 7261 180 6772 
4 2525 9933 8118 7011 
4 5549 3156 5386 1316 
4 6283 6850 2038 9825 
4 1134 6391 3413 6199 
4 4525 2980 9720 9024 
4 7504 3754 8034 1777 
4 412 4209 1667 6491 
4 7488 9150 8109 5859 
4 379 9400 2154 8508 
4 4132 5778 8546 5014 
4 3843 573 4252 4987 
4 6792 8757 1087 422 
4 4174 5697 1725 1880 
4 1237 8318 9336 5257 
4 5949 7222 3383 4034 
4 4581 3645 2010 2758 
4 8344 8098 1308 6163 
4 4520 4556 5227 3340 
4 4705 3201 8511 7882 
4 2858 1401 5406 9638 
4 986 7822 2733 3628 
4 5527 1915 5029 5153 
4 5539 1374 5619 7005 
4 9321 7183 154 4976 
4 3788 5049 9833 2706 
4 2431 4062 3546 5108 
4 583 1290 3643 533 
4 6631 9164 7921 5820 
